0.7786894 6.85e-05 0.6274096 6.6081
0.8510103 0.0600671 -0.5217024 5.811
0.9616269 0.151924 0.2284573 6.4348
0.4700155 0.1108242 0.8756731 4.9069
0.8607321 0.2727269 0.4298375 5.9332
0.7698101 0.3138572 -0.5557752 6.6654
0.8855269 0.4401043 0.1488299 6.548
0.7184931 0.4273128 0.5487909 5.5314
0.5389114 0.3751696 0.7542031 6.5246
0.7685279 0.6369912 0.0600596 6.3716
0.7230086 0.6908385 -0.0008394 6.6965
0.4769174 0.5316743 -0.6999088 6.0359
0.3967073 0.5140566 0.7605059 4.6446
0.557237 0.8301053 -0.020299 5.2154
0.4933847 0.8378563 -0.2335986 3.0703
0.4374344 0.8892949 -0.1334381 4.5615
0.2900826 0.6846997 -0.6686093 6.5032
0.3064411 0.8683114 0.3900374 4.2366
0.2600765 0.933766 -0.2458482 6.0784
0.2060633 0.9567536 -0.2053303 5.2571
0.1578308 0.9830985 0.0927731 6.3846
0.1152427 0.9931324 -0.020176 5.2902
0.0723944 0.9154076 0.3959646 6.5574
0.0249868 0.9981032 0.0562643 6.4614
-0.0259462 0.9658695 -0.2577264 4.689
-0.0586777 0.7886478 -0.6120388 5.7066
-0.0624393 0.5261959 -0.8480679 5.9884
-0.1634511 0.9854229 0.0471751 6.342
-0.204653 0.9433245 -0.2612584 5.3632
-0.2538899 0.9651902 0.0628313 6.1307
-0.2638651 0.8225958 0.5036977 4.5603
-0.3279457 0.877754 0.3492844 5.2102
-0.3591904 0.8344029 -0.4180359 5.896
-0.3814829 0.788142 0.4830145 4.3955
-0.3674847 0.6864779 -0.6274576 4.4288
-0.0945764 0.1561866 0.9831892 5.3833
-0.5579574 0.8154311 0.1541288 6.4394
-0.5958403 0.7883417 -0.1532698 6.6023
-0.3862686 0.4605015 -0.7992089 5.1282
-0.5015218 0.540349 -0.6756469 6.5621
-0.4900077 0.4725589 -0.7325165 3.9211
-0.6210998 0.5284523 0.5787687 5.9862
-0.783011 0.5903409 0.1959369 5.1437
-0.8171482 0.5388687 0.204669 5.7974
-0.5480445 0.3005734 -0.7805785 6.2175
-0.8540155 0.3994501 0.3333124 4.8871
-0.8516754 0.3354213 -0.402668 5.1978
-0.951407 0.3060332 -0.0341817 6.0064
-0.7876925 0.193101 -0.5850236 5.4399
-0.9710085 0.1541108 0.1827357 4.0331
-0.7027322 0.065376 0.7084444 6.4144
-0.4330308 0.0022781 -0.9013762 5.6577
-0.7424455 -0.0502977 -0.6680156 6.4034
-0.5489735 -0.0687615 -0.8330066 6.2996
-0.1599142 -0.0313975 0.9866315 6.3852
-0.3057444 -0.0863571 -0.9481892 5.9425
-0.8653557 -0.3103655 -0.3934879 3.1521
-0.2930878 -0.1323084 0.9468865 5.6647
-0.7110172 -0.3764902 -0.5938936 6.4485
-0.4321493 -0.2725011 -0.8596453 6.3561
-0.7324805 -0.5361413 -0.4195532 5.5022
-0.3960958 -0.3380988 -0.8536963 6.314
-0.6866318 -0.6700242 0.2821423 5.8814
-0.3152121 -0.353218 -0.8808396 6.3661
-0.3646493 -0.4606371 0.8092245 6.4711
-0.4897558 -0.701122 -0.5182347 6.4903
-0.4979837 -0.8307633 -0.2486857 6.4277
-0.4615159 -0.8850687 -0.0604688 5.512
-0.3817315 -0.8584182 -0.3426358 4.6501
-0.3065739 -0.8539856 0.420382 6.2258
-0.2640109 -0.9112167 0.3162 5.4944
-0.0911419 -0.4010534 0.9115093 3.1359
-0.086633 -0.53753 0.8387826 6.6081
-0.0841615 -0.7909916 0.6060108 6.2938
-0.035308 -0.7974004 -0.6024168 3.3521
0.0076495 -0.9997114 0.0227749 4.452
0.0505677 -0.7395542 0.6711948 5.5307
0.1229707 -0.9600156 -0.2514922 4.7103
0.1046507 -0.5560754 0.8245171 5.0108
0.2261352 -0.9597874 -0.1663462 6.3789
0.2442576 -0.8739363 -0.4202066 5.7986
0.080241 -0.2318093 -0.9694462 6.6632
0.356496 -0.8676273 0.3466028 6.3122
0.395123 -0.8354722 0.3819216 6.5578
0.4729128 -0.868737 0.1471377 4.8749
0.3442861 -0.570279 0.745821 6.1674
0.4295225 -0.6242795 0.6525225 5.8637
0.3750486 -0.4828438 0.7913282 6.3702
0.6317599 -0.7302339 0.2600728 4.504
0.6897217 -0.6992284 0.1880521 5.6682
0.5997153 -0.5331993 0.5966909 6.1409
0.4733171 -0.3739721 0.7975687 5.9731
0.2510874 -0.170851 0.9527671 5.3447
0.4941976 -0.2913419 -0.8190779 4.4784
0.2137607 -0.1090138 -0.9707844 6.2974
0.8203202 -0.3474248 0.4542805 6.6465
0.745863 -0.2607442 0.6129444 6.3908
0.8373314 -0.2335657 -0.4942906 1.1808
0.8501441 -0.1854553 -0.4928097 6.5984
0.6341141 -0.0915123 -0.7678052 6.1983
