0.7786894 6.85e-05 0.6274096 6.6081
0.9541187 0.1513372 -0.2583689 6.6095
0.3449084 0.1098346 0.932188 5.3204
0.565304 0.2821581 -0.7751246 5.5513
0.4588525 0.3210079 -0.8284976 5.926
0.3110414 0.3014485 0.9013224 6.248
0.4480692 0.5835041 -0.677316 5.822
0.4898416 0.8441904 -0.2177105 5.7362
0.373269 0.8865017 0.2734684 3.4597
0.1557763 0.5790596 0.8002648 6.2262
0.1314159 0.8449902 0.5183834 6.4657
0.0407479 0.5492385 0.8346716 6.2095
-0.0254447 0.825588 -0.5636994 5.8024
-0.103312 0.8362836 -0.538476 4.4188
-0.2083652 0.9328856 -0.2937828 5.9175
-0.249697 0.7636077 -0.5954449 5.8963
-0.3991164 0.9150121 0.0588132 5.8305
-0.3490364 0.6311307 -0.6927103 5.9948
-0.1407133 0.2018245 0.9692609 5.7066
-0.4247472 0.5013384 -0.7538234 5.8298
-0.7252146 0.6721287 -0.1493547 5.5879
-0.5033334 0.3719496 -0.7799416 4.9442
-0.868588 0.4581442 -0.1888353 6.553
-0.5518126 0.2083244 -0.8075294 6.3767
-0.5024983 0.1146496 -0.8569428 4.089
-0.4607192 0.0331867 -0.8869253 5.153
-0.9645231 -0.0815725 0.2510798 6.6924
-0.1120059 -0.0243764 0.9934085 5.8827
-0.8720835 -0.3345463 -0.3571404 6.6111
-0.6005369 -0.3340065 -0.7264951 5.9839
-0.6747185 -0.5169233 0.5268256 6.0672
-0.5339744 -0.5431176 0.6479928 3.6469
-0.4554608 -0.6032267 0.6547313 5.0265
-0.2873678 -0.5033365 -0.8149062 6.1938
-0.2046993 -0.4926894 -0.8457868 6.2272
-0.2339812 -0.8756651 -0.4224493 5.8314
-0.1399302 -0.9661673 -0.2166573 6.318
-0.0215982 -0.8205554 -0.5711588 6.416
0.0793592 -0.8638832 -0.4974013 2.8654
0.1501468 -0.7344375 0.6618591 6.026
0.2445661 -0.8071349 0.5373274 5.2893
0.2892064 -0.6593587 0.6939782 6.6335
0.1663389 -0.2919264 0.9418653 6.473
0.4272154 -0.5938421 0.6817907 6.3686
0.4634667 -0.5061805 0.72731 6.3154
0.4559798 -0.3830612 -0.8033346 4.4458
0.7889595 -0.5052993 0.3495933 6.2434
0.8802031 -0.4150667 -0.2301353 6.1292
0.867151 -0.273388 0.4163029 3.6685
0.8657473 -0.1563374 -0.475437 6.604
